   1       0 ram0 0 0 0 0 0 0 0 0 0 0 0
   1       1 ram1 0 0 0 0 0 0 0 0 0 0 0
   1       2 ram2 0 0 0 0 0 0 0 0 0 0 0
   1       3 ram3 0 0 0 0 0 0 0 0 0 0 0
   1       4 ram4 0 0 0 0 0 0 0 0 0 0 0
   1       5 ram5 0 0 0 0 0 0 0 0 0 0 0
   1       6 ram6 0 0 0 0 0 0 0 0 0 0 0
   1       7 ram7 0 0 0 0 0 0 0 0 0 0 0
   1       8 ram8 0 0 0 0 0 0 0 0 0 0 0
   1       9 ram9 0 0 0 0 0 0 0 0 0 0 0
   1      10 ram10 0 0 0 0 0 0 0 0 0 0 0
   1      11 ram11 0 0 0 0 0 0 0 0 0 0 0
   1      12 ram12 0 0 0 0 0 0 0 0 0 0 0
   1      13 ram13 0 0 0 0 0 0 0 0 0 0 0
   1      14 ram14 0 0 0 0 0 0 0 0 0 0 0
   1      15 ram15 0 0 0 0 0 0 0 0 0 0 0
   7       0 loop0 0 0 0 0 0 0 0 0 0 0 0
   7       1 loop1 0 0 0 0 0 0 0 0 0 0 0
   7       2 loop2 0 0 0 0 0 0 0 0 0 0 0
   7       3 loop3 0 0 0 0 0 0 0 0 0 0 0
   7       4 loop4 0 0 0 0 0 0 0 0 0 0 0
   7       5 loop5 0 0 0 0 0 0 0 0 0 0 0
   7       6 loop6 0 0 0 0 0 0 0 0 0 0 0
   7       7 loop7 0 0 0 0 0 0 0 0 0 0 0
   8       0 sda 53123 65510 1946597 382096 22900 30609 1406080 247624 0 187904 629924
   8       1 sda1 818 16429 34810 4496 0 0 0 0 0 4356 4496
   8       2 sda2 2 0 4 108 0 0 0 0 0 108 108
   8       5 sda5 478 22615 25036 3280 0 0 0 0 0 3076 3280
   8       6 sda6 678 25045 33969 4104 28 12 320 0 0 3828 4104
   8       7 sda7 50934 1390 1850826 364848 22304 30597 1405760 236200 0 176076 601140
   8       8 sda8 163 31 1552 3164 0 0 0 0 0 3164 3164
  11       0 sr0 0 0 0 0 0 0 0 0 0 0 0
   8      16 sdb 437 7873 9585 1176 2 1 3 4 0 628 1180
   8      17 sdb1 431 7873 9537 1168 2 1 3 4 0 620 1172
   8      32 sdc 304 5029 5523 432 4 2 6 4 0 284 436
   8      33 sdc1 279 4911 5380 396 4 2 6 4 0 260 400
